epochs: 200
head_lr: 0.00005
backbone_lr: 0.000005
weight_decay: 0.0001
margin: 0.3
sampler_P: 32
sampler_K: 16