epochs: 2
head_lr: 0.00005
backbone_lr: 0.000005
weight_decay: 0.0001
margin: 0.4
sampler_P: 16
sampler_K: 4